eval_accuracy = 0.13259634
eval_loss = 3.6497736
global_step = 10852
loss = 3.6495738
