eval_accuracy = 0.13237652
eval_loss = 3.6554463
global_step = 10852
loss = 3.655271
